The 8th current depth_image is :  tensor([[ 0.5000,  0.5000,  0.5000,  ...,  0.5000,  0.5000,  0.5000],
        [ 0.5000,  0.5000,  0.5000,  ...,  0.5000,  0.5000,  0.5000],
        [ 0.5000,  0.5000,  0.5000,  ...,  0.5000,  0.5000,  0.5000],
        ...,
        [-0.1118, -0.1325, -0.1409,  ..., -0.2777, -0.2784, -0.2795],
        [-0.1586, -0.1608, -0.1614,  ..., -0.2816, -0.2823, -0.2830],
        [-0.1699, -0.1701, -0.1699,  ..., -0.2862, -0.2866, -0.2869]],
       device='cuda:0')
 it is using second one
self.depth_buffer is :  tensor([[[ 0.5000,  0.5000,  0.5000,  ...,  0.5000,  0.5000,  0.5000],
         [ 0.5000,  0.5000,  0.5000,  ...,  0.5000,  0.5000,  0.5000],
         [ 0.5000,  0.5000,  0.5000,  ...,  0.5000,  0.5000,  0.5000],
         ...,
         [-0.0825, -0.0908, -0.1309,  ..., -0.3317, -0.3326, -0.3338],
         [-0.1277, -0.1366, -0.1422,  ..., -0.3346, -0.3364, -0.3382],
         [-0.1439, -0.1498, -0.1531,  ..., -0.3397, -0.3414, -0.3431]],

        [[ 0.5000,  0.5000,  0.5000,  ...,  0.5000,  0.5000,  0.5000],
         [ 0.5000,  0.5000,  0.5000,  ...,  0.5000,  0.5000,  0.5000],
         [ 0.5000,  0.5000,  0.5000,  ...,  0.5000,  0.5000,  0.5000],
         ...,
         [-0.1118, -0.1325, -0.1409,  ..., -0.2777, -0.2784, -0.2795],
         [-0.1586, -0.1608, -0.1614,  ..., -0.2816, -0.2823, -0.2830],
         [-0.1699, -0.1701, -0.1699,  ..., -0.2862, -0.2866, -0.2869]]],
       device='cuda:0')
self.depth_buffer size is :  torch.Size([2, 58, 87])
infos[depth] is :  tensor([[[ 0.5000,  0.5000,  0.5000,  ...,  0.5000,  0.5000,  0.5000],
         [ 0.5000,  0.5000,  0.5000,  ...,  0.5000,  0.5000,  0.5000],
         [ 0.5000,  0.5000,  0.5000,  ...,  0.5000,  0.5000,  0.5000],
         ...,
         [-0.0825, -0.0908, -0.1309,  ..., -0.3317, -0.3326, -0.3338],
         [-0.1277, -0.1366, -0.1422,  ..., -0.3346, -0.3364, -0.3382],
         [-0.1439, -0.1498, -0.1531,  ..., -0.3397, -0.3414, -0.3431]]],
       device='cuda:0')

